        TIME,    TIDE,      OB,   SURGE,    BIAS,     TWL,SURGE90p,  TWL90p,SURGE10p,   TWL10p
202603291800,   0.226,   0.298,   0.000,   0.072,   0.298,   0.000,   0.298,   0.000,   0.298
202603291806,   0.262,9999.000,9999.000,9999.000,9999.000,9999.000,9999.000,9999.000,9999.000
202603291812,   0.302,   0.409,9999.000,9999.000,9999.000,9999.000,9999.000,9999.000,9999.000
202603291818,   0.344,9999.000,9999.000,9999.000,9999.000,9999.000,9999.000,9999.000,9999.000
202603291824,   0.389,   0.531,9999.000,9999.000,9999.000,9999.000,9999.000,9999.000,9999.000
202603291830,   0.437,9999.000,9999.000,9999.000,9999.000,9999.000,9999.000,9999.000,9999.000
202603291836,   0.487,   0.698,9999.000,9999.000,9999.000,9999.000,9999.000,9999.000,9999.000
202603291842,   0.539,9999.000,9999.000,9999.000,9999.000,9999.000,9999.000,9999.000,9999.000
202603291848,   0.594,   0.829,9999.000,9999.000,9999.000,9999.000,9999.000,9999.000,9999.000
202603291854,   0.650,9999.000,9999.000,9999.000,9999.000,9999.000,9999.000,9999.000,9999.000
202603291900,   0.708,   0.961,   0.000,   0.253,   0.961,   0.000,   0.961,   0.000,   0.961
202603291906,   0.768,   1.010,9999.000,9999.000,9999.000,9999.000,9999.000,9999.000,9999.000
202603291912,   0.830,   1.079,9999.000,9999.000,9999.000,9999.000,9999.000,9999.000,9999.000
202603291918,   0.894,   1.180,9999.000,9999.000,9999.000,9999.000,9999.000,9999.000,9999.000
202603291924,   0.959,   1.239,9999.000,9999.000,9999.000,9999.000,9999.000,9999.000,9999.000
202603291930,   1.026,   1.298,9999.000,9999.000,9999.000,9999.000,9999.000,9999.000,9999.000
202603291936,   1.094,   1.371,9999.000,9999.000,9999.000,9999.000,9999.000,9999.000,9999.000
202603291942,   1.164,   1.430,9999.000,9999.000,9999.000,9999.000,9999.000,9999.000,9999.000
202603291948,   1.236,   1.479,9999.000,9999.000,9999.000,9999.000,9999.000,9999.000,9999.000
202603291954,   1.309,   1.548,9999.000,9999.000,9999.000,9999.000,9999.000,9999.000,9999.000
202603292000,   1.383,   1.630,   0.000,   0.247,   1.630,   0.000,   1.630,   0.000,   1.630
202603292006,   1.459,   1.699,9999.000,9999.000,9999.000,9999.000,9999.000,9999.000,9999.000
202603292012,   1.536,   1.781,9999.000,9999.000,9999.000,9999.000,9999.000,9999.000,9999.000
202603292018,   1.615,   1.849,9999.000,9999.000,9999.000,9999.000,9999.000,9999.000,9999.000
202603292024,   1.694,   1.908,9999.000,9999.000,9999.000,9999.000,9999.000,9999.000,9999.000
202603292030,   1.775,   1.990,9999.000,9999.000,9999.000,9999.000,9999.000,9999.000,9999.000
202603292036,   1.856,   2.069,9999.000,9999.000,9999.000,9999.000,9999.000,9999.000,9999.000
202603292042,   1.938,   2.138,9999.000,9999.000,9999.000,9999.000,9999.000,9999.000,9999.000
202603292048,   2.021,   2.177,9999.000,9999.000,9999.000,9999.000,9999.000,9999.000,9999.000
202603292054,   2.104,   2.230,9999.000,9999.000,9999.000,9999.000,9999.000,9999.000,9999.000
202603292100,   2.187,   2.289,   0.000,   0.102,   2.289,   0.000,   2.289,   0.000,   2.289
202603292106,   2.270,   2.328,9999.000,9999.000,9999.000,9999.000,9999.000,9999.000,9999.000
202603292112,   2.353,   2.400,9999.000,9999.000,9999.000,9999.000,9999.000,9999.000,9999.000
202603292118,   2.435,   2.469,9999.000,9999.000,9999.000,9999.000,9999.000,9999.000,9999.000
202603292124,   2.516,   2.519,9999.000,9999.000,9999.000,9999.000,9999.000,9999.000,9999.000
202603292130,   2.596,   2.597,9999.000,9999.000,9999.000,9999.000,9999.000,9999.000,9999.000
202603292136,   2.675,   2.669,9999.000,9999.000,9999.000,9999.000,9999.000,9999.000,9999.000
202603292142,   2.752,   2.738,9999.000,9999.000,9999.000,9999.000,9999.000,9999.000,9999.000
202603292148,   2.827,   2.787,9999.000,9999.000,9999.000,9999.000,9999.000,9999.000,9999.000
202603292154,   2.899,   2.850,9999.000,9999.000,9999.000,9999.000,9999.000,9999.000,9999.000
202603292200,   2.969,   2.889,   0.000,  -0.080,   2.889,   0.000,   2.889,   0.000,   2.889
202603292206,   3.036,   2.938,9999.000,9999.000,9999.000,9999.000,9999.000,9999.000,9999.000
202603292212,   3.099,   3.007,9999.000,9999.000,9999.000,9999.000,9999.000,9999.000,9999.000
202603292218,   3.159,   3.070,9999.000,9999.000,9999.000,9999.000,9999.000,9999.000,9999.000
202603292224,   3.214,   3.129,9999.000,9999.000,9999.000,9999.000,9999.000,9999.000,9999.000
202603292230,   3.266,   3.168,9999.000,9999.000,9999.000,9999.000,9999.000,9999.000,9999.000
202603292236,   3.313,   3.188,9999.000,9999.000,9999.000,9999.000,9999.000,9999.000,9999.000
202603292242,   3.355,   3.250,9999.000,9999.000,9999.000,9999.000,9999.000,9999.000,9999.000
202603292248,   3.392,   3.289,9999.000,9999.000,9999.000,9999.000,9999.000,9999.000,9999.000
202603292254,   3.424,   3.319,9999.000,9999.000,9999.000,9999.000,9999.000,9999.000,9999.000
202603292300,   3.451,   3.368,   0.000,  -0.083,   3.368,   0.000,   3.368,   0.000,   3.368
202603292306,   3.472,   3.388,9999.000,9999.000,9999.000,9999.000,9999.000,9999.000,9999.000
202603292312,   3.488,   3.427,9999.000,9999.000,9999.000,9999.000,9999.000,9999.000,9999.000
202603292318,   3.498,   3.460,9999.000,9999.000,9999.000,9999.000,9999.000,9999.000,9999.000
202603292324,   3.503,   3.480,9999.000,9999.000,9999.000,9999.000,9999.000,9999.000,9999.000
202603292330,   3.503,   3.480,9999.000,9999.000,9999.000,9999.000,9999.000,9999.000,9999.000
202603292336,   3.497,   3.480,9999.000,9999.000,9999.000,9999.000,9999.000,9999.000,9999.000
202603292342,   3.485,   3.480,9999.000,9999.000,9999.000,9999.000,9999.000,9999.000,9999.000
202603292348,   3.469,   3.450,9999.000,9999.000,9999.000,9999.000,9999.000,9999.000,9999.000
202603292354,   3.448,   3.460,9999.000,9999.000,9999.000,9999.000,9999.000,9999.000,9999.000
202603300000,   3.422,   3.450,   0.000,   0.028,   3.450,  -0.100,   3.350,   0.000,   3.450
202603300006,   3.391,   3.398,9999.000,9999.000,9999.000,9999.000,9999.000,9999.000,9999.000
202603300012,   3.357,   3.378,9999.000,9999.000,9999.000,9999.000,9999.000,9999.000,9999.000
202603300018,   3.318,   3.348,9999.000,9999.000,9999.000,9999.000,9999.000,9999.000,9999.000
202603300024,   3.276,   3.279,9999.000,9999.000,9999.000,9999.000,9999.000,9999.000,9999.000
202603300030,   3.231,   3.260,9999.000,9999.000,9999.000,9999.000,9999.000,9999.000,9999.000
202603300036,   3.182,   3.207,9999.000,9999.000,9999.000,9999.000,9999.000,9999.000,9999.000
202603300042,   3.131,   3.138,9999.000,9999.000,9999.000,9999.000,9999.000,9999.000,9999.000
202603300048,   3.077,   3.089,9999.000,9999.000,9999.000,9999.000,9999.000,9999.000,9999.000
202603300054,   3.021,   3.030,9999.000,9999.000,9999.000,9999.000,9999.000,9999.000,9999.000
202603300100,   2.962,   2.968,  -0.100,   0.106,   2.968,  -0.100,   2.968,   0.000,   3.068
202603300106,   2.902,   2.899,9999.000,9999.000,9999.000,9999.000,9999.000,9999.000,9999.000
202603300112,   2.840,   2.830,9999.000,9999.000,9999.000,9999.000,9999.000,9999.000,9999.000
202603300118,   2.777,   2.758,9999.000,9999.000,9999.000,9999.000,9999.000,9999.000,9999.000
202603300124,   2.712,   2.679,9999.000,9999.000,9999.000,9999.000,9999.000,9999.000,9999.000
202603300130,   2.646,   2.597,9999.000,9999.000,9999.000,9999.000,9999.000,9999.000,9999.000
202603300136,   2.578,   2.519,9999.000,9999.000,9999.000,9999.000,9999.000,9999.000,9999.000
202603300142,   2.509,   2.440,9999.000,9999.000,9999.000,9999.000,9999.000,9999.000,9999.000
202603300148,   2.440,   2.358,9999.000,9999.000,9999.000,9999.000,9999.000,9999.000,9999.000
202603300154,   2.368,   2.269,9999.000,9999.000,9999.000,9999.000,9999.000,9999.000,9999.000
202603300200,   2.296,   2.210,  -0.100,   0.014,   2.210,  -0.100,   2.210,   0.000,   2.310
202603300206,   2.222,   2.138,9999.000,9999.000,9999.000,9999.000,9999.000,9999.000,9999.000
202603300212,   2.147,   2.069,9999.000,9999.000,9999.000,9999.000,9999.000,9999.000,9999.000
202603300218,   2.071,   1.990,9999.000,9999.000,9999.000,9999.000,9999.000,9999.000,9999.000
202603300224,   1.994,   1.918,9999.000,9999.000,9999.000,9999.000,9999.000,9999.000,9999.000
202603300230,   1.915,   1.840,9999.000,9999.000,9999.000,9999.000,9999.000,9999.000,9999.000
202603300236,   1.835,   1.758,9999.000,9999.000,9999.000,9999.000,9999.000,9999.000,9999.000
202603300242,   1.754,   1.689,9999.000,9999.000,9999.000,9999.000,9999.000,9999.000,9999.000
202603300248,   1.672,   1.620,9999.000,9999.000,9999.000,9999.000,9999.000,9999.000,9999.000
202603300254,   1.589,   1.548,9999.000,9999.000,9999.000,9999.000,9999.000,9999.000,9999.000
202603300300,   1.505,   1.469,  -0.100,   0.064,   1.469,  -0.100,   1.469,   0.000,   1.569
202603300306,   1.421,   1.390,9999.000,9999.000,9999.000,9999.000,9999.000,9999.000,9999.000
202603300312,   1.337,   1.308,9999.000,9999.000,9999.000,9999.000,9999.000,9999.000,9999.000
202603300318,   1.253,   1.239,9999.000,9999.000,9999.000,9999.000,9999.000,9999.000,9999.000
202603300324,   1.169,   1.161,9999.000,9999.000,9999.000,9999.000,9999.000,9999.000,9999.000
202603300330,   1.086,   1.088,9999.000,9999.000,9999.000,9999.000,9999.000,9999.000,9999.000
202603300336,   1.003,   1.020,9999.000,9999.000,9999.000,9999.000,9999.000,9999.000,9999.000
202603300342,   0.923,   0.951,9999.000,9999.000,9999.000,9999.000,9999.000,9999.000,9999.000
202603300348,   0.844,   0.888,9999.000,9999.000,9999.000,9999.000,9999.000,9999.000,9999.000
202603300354,   0.768,   0.829,9999.000,9999.000,9999.000,9999.000,9999.000,9999.000,9999.000
202603300400,   0.694,   0.770,  -0.100,   0.176,   0.770,  -0.200,   0.670,  -0.100,   0.770
202603300406,   0.624,   0.708,9999.000,9999.000,9999.000,9999.000,9999.000,9999.000,9999.000
202603300412,   0.557,   0.649,9999.000,9999.000,9999.000,9999.000,9999.000,9999.000,9999.000
202603300418,   0.495,   0.610,9999.000,9999.000,9999.000,9999.000,9999.000,9999.000,9999.000
202603300424,   0.436,   0.551,9999.000,9999.000,9999.000,9999.000,9999.000,9999.000,9999.000
202603300430,   0.383,   0.508,9999.000,9999.000,9999.000,9999.000,9999.000,9999.000,9999.000
202603300436,   0.334,   0.459,9999.000,9999.000,9999.000,9999.000,9999.000,9999.000,9999.000
202603300442,   0.291,   0.409,9999.000,9999.000,9999.000,9999.000,9999.000,9999.000,9999.000
202603300448,   0.254,   0.370,9999.000,9999.000,9999.000,9999.000,9999.000,9999.000,9999.000
202603300454,   0.222,   0.331,9999.000,9999.000,9999.000,9999.000,9999.000,9999.000,9999.000
202603300500,   0.195,   0.288,  -0.200,   0.293,   0.288,  -0.200,   0.288,  -0.100,   0.388
202603300506,   0.175,   0.259,9999.000,9999.000,9999.000,9999.000,9999.000,9999.000,9999.000
202603300512,   0.161,   0.239,9999.000,9999.000,9999.000,9999.000,9999.000,9999.000,9999.000
202603300518,   0.153,   0.219,9999.000,9999.000,9999.000,9999.000,9999.000,9999.000,9999.000
202603300524,   0.150,   0.209,9999.000,9999.000,9999.000,9999.000,9999.000,9999.000,9999.000
202603300530,   0.153,   0.209,9999.000,9999.000,9999.000,9999.000,9999.000,9999.000,9999.000
202603300536,   0.162,   0.209,9999.000,9999.000,9999.000,9999.000,9999.000,9999.000,9999.000
202603300542,   0.176,   0.209,9999.000,9999.000,9999.000,9999.000,9999.000,9999.000,9999.000
202603300548,   0.195,   0.229,9999.000,9999.000,9999.000,9999.000,9999.000,9999.000,9999.000
202603300554,   0.219,   0.249,9999.000,9999.000,9999.000,9999.000,9999.000,9999.000,9999.000
202603300600,   0.247,   0.288,  -0.100,   0.141,   0.288,  -0.200,   0.188,  -0.100,   0.288
202603300606,   0.280,   0.321,9999.000,9999.000,9999.000,9999.000,9999.000,9999.000,9999.000
202603300612,   0.317,   0.341,9999.000,9999.000,9999.000,9999.000,9999.000,9999.000,9999.000
202603300618,   0.358,   0.350,9999.000,9999.000,9999.000,9999.000,9999.000,9999.000,9999.000
202603300624,   0.402,   0.360,9999.000,9999.000,9999.000,9999.000,9999.000,9999.000,9999.000
202603300630,   0.449,   0.390,9999.000,9999.000,9999.000,9999.000,9999.000,9999.000,9999.000
202603300636,   0.500,   0.449,9999.000,9999.000,9999.000,9999.000,9999.000,9999.000,9999.000
202603300642,   0.552,   0.541,9999.000,9999.000,9999.000,9999.000,9999.000,9999.000,9999.000
202603300648,   0.608,   0.619,9999.000,9999.000,9999.000,9999.000,9999.000,9999.000,9999.000
202603300654,   0.665,   0.698,9999.000,9999.000,9999.000,9999.000,9999.000,9999.000,9999.000
202603300700,   0.725,   0.800,  -0.100,   0.175,   0.800,  -0.200,   0.700,  -0.100,   0.800
202603300706,   0.786,   0.888,9999.000,9999.000,9999.000,9999.000,9999.000,9999.000,9999.000
202603300712,   0.849,   0.961,9999.000,9999.000,9999.000,9999.000,9999.000,9999.000,9999.000
202603300718,   0.913,   1.059,9999.000,9999.000,9999.000,9999.000,9999.000,9999.000,9999.000
202603300724,   0.979,   1.128,9999.000,9999.000,9999.000,9999.000,9999.000,9999.000,9999.000
202603300730,   1.047,   1.180,9999.000,9999.000,9999.000,9999.000,9999.000,9999.000,9999.000
202603300736,   1.115,   1.259,9999.000,9999.000,9999.000,9999.000,9999.000,9999.000,9999.000
202603300742,   1.185,   1.318,9999.000,9999.000,9999.000,9999.000,9999.000,9999.000,9999.000
202603300748,   1.255,   1.390,9999.000,9999.000,9999.000,9999.000,9999.000,9999.000,9999.000
202603300754,   1.327,   1.469,9999.000,9999.000,9999.000,9999.000,9999.000,9999.000,9999.000
202603300800,   1.400,   1.548,  -0.100,   0.248,   1.548,  -0.200,   1.448,  -0.100,   1.548
202603300806,   1.474,   1.639,9999.000,9999.000,9999.000,9999.000,9999.000,9999.000,9999.000
202603300812,   1.549,   1.718,9999.000,9999.000,9999.000,9999.000,9999.000,9999.000,9999.000
202603300818,   1.625,   1.790,9999.000,9999.000,9999.000,9999.000,9999.000,9999.000,9999.000
202603300824,   1.702,   1.869,9999.000,9999.000,9999.000,9999.000,9999.000,9999.000,9999.000
202603300830,   1.779,   1.948,9999.000,9999.000,9999.000,9999.000,9999.000,9999.000,9999.000
202603300836,   1.858,   2.020,9999.000,9999.000,9999.000,9999.000,9999.000,9999.000,9999.000
202603300842,   1.937,   2.089,9999.000,9999.000,9999.000,9999.000,9999.000,9999.000,9999.000
202603300848,   2.016,   2.168,9999.000,9999.000,9999.000,9999.000,9999.000,9999.000,9999.000
202603300854,   2.096,   2.259,9999.000,9999.000,9999.000,9999.000,9999.000,9999.000,9999.000
202603300900,   2.177,   2.338,  -0.100,   0.261,   2.338,  -0.200,   2.238,  -0.100,   2.338
202603300906,   2.258,   2.410,9999.000,9999.000,9999.000,9999.000,9999.000,9999.000,9999.000
202603300912,   2.339,   2.479,9999.000,9999.000,9999.000,9999.000,9999.000,9999.000,9999.000
202603300918,   2.419,   2.548,9999.000,9999.000,9999.000,9999.000,9999.000,9999.000,9999.000
202603300924,   2.500,   2.620,9999.000,9999.000,9999.000,9999.000,9999.000,9999.000,9999.000
202603300930,   2.580,   2.689,9999.000,9999.000,9999.000,9999.000,9999.000,9999.000,9999.000
202603300936,   2.659,   2.758,9999.000,9999.000,9999.000,9999.000,9999.000,9999.000,9999.000
202603300942,   2.738,   2.830,9999.000,9999.000,9999.000,9999.000,9999.000,9999.000,9999.000
202603300948,   2.815,   2.879,9999.000,9999.000,9999.000,9999.000,9999.000,9999.000,9999.000
202603300954,   2.891,   2.938,9999.000,9999.000,9999.000,9999.000,9999.000,9999.000,9999.000
202603301000,   2.965,   2.997,  -0.100,   0.132,   2.997,  -0.200,   2.897,  -0.100,   2.997
202603301006,   3.037,   3.070,9999.000,9999.000,9999.000,9999.000,9999.000,9999.000,9999.000
202603301012,   3.107,   3.129,9999.000,9999.000,9999.000,9999.000,9999.000,9999.000,9999.000
202603301018,   3.174,   3.188,9999.000,9999.000,9999.000,9999.000,9999.000,9999.000,9999.000
202603301024,   3.238,   3.250,9999.000,9999.000,9999.000,9999.000,9999.000,9999.000,9999.000
202603301030,   3.299,   3.289,9999.000,9999.000,9999.000,9999.000,9999.000,9999.000,9999.000
202603301036,   3.356,   3.339,9999.000,9999.000,9999.000,9999.000,9999.000,9999.000,9999.000
202603301042,   3.410,   3.398,9999.000,9999.000,9999.000,9999.000,9999.000,9999.000,9999.000
202603301048,   3.459,   3.450,9999.000,9999.000,9999.000,9999.000,9999.000,9999.000,9999.000
202603301054,   3.504,   3.499,9999.000,9999.000,9999.000,9999.000,9999.000,9999.000,9999.000
202603301100,   3.545,   3.519,  -0.200,   0.174,   3.519,  -0.200,   3.519,  -0.100,   3.619
202603301106,   3.580,   3.558,9999.000,9999.000,9999.000,9999.000,9999.000,9999.000,9999.000
202603301112,   3.611,   3.588,9999.000,9999.000,9999.000,9999.000,9999.000,9999.000,9999.000
202603301118,   3.637,   3.607,9999.000,9999.000,9999.000,9999.000,9999.000,9999.000,9999.000
202603301124,   3.657,   3.650,9999.000,9999.000,9999.000,9999.000,9999.000,9999.000,9999.000
202603301130,   3.672,   3.670,9999.000,9999.000,9999.000,9999.000,9999.000,9999.000,9999.000
202603301136,   3.681,   3.680,9999.000,9999.000,9999.000,9999.000,9999.000,9999.000,9999.000
202603301142,   3.685,   3.680,9999.000,9999.000,9999.000,9999.000,9999.000,9999.000,9999.000
202603301148,   3.684,   3.689,9999.000,9999.000,9999.000,9999.000,9999.000,9999.000,9999.000
202603301154,   3.677,   3.680,9999.000,9999.000,9999.000,9999.000,9999.000,9999.000,9999.000
202603301200,   3.665,   3.670,  -0.200,   0.205,   3.670,  -0.300,   3.570,  -0.100,   3.770
202603301206,   3.647,   3.637,9999.000,9999.000,9999.000,9999.000,9999.000,9999.000,9999.000
202603301212,   3.625,   3.607,9999.000,9999.000,9999.000,9999.000,9999.000,9999.000,9999.000
202603301218,   3.598,   3.558,9999.000,9999.000,9999.000,9999.000,9999.000,9999.000,9999.000
202603301224,   3.566,   3.519,9999.000,9999.000,9999.000,9999.000,9999.000,9999.000,9999.000
202603301230,   3.530,   3.489,9999.000,9999.000,9999.000,9999.000,9999.000,9999.000,9999.000
202603301236,   3.490,   3.450,9999.000,9999.000,9999.000,9999.000,9999.000,9999.000,9999.000
202603301242,   3.447,   3.388,9999.000,9999.000,9999.000,9999.000,9999.000,9999.000,9999.000
202603301248,   3.399,   3.329,9999.000,9999.000,9999.000,9999.000,9999.000,9999.000,9999.000
202603301254,   3.349,   3.279,9999.000,9999.000,9999.000,9999.000,9999.000,9999.000,9999.000
202603301300,   3.296,   3.188,  -0.200,   0.092,   3.188,  -0.300,   3.088,  -0.100,   3.288
202603301306,   3.240,   3.129,9999.000,9999.000,9999.000,9999.000,9999.000,9999.000,9999.000
202603301312,   3.181,   3.060,9999.000,9999.000,9999.000,9999.000,9999.000,9999.000,9999.000
202603301318,   3.120,   2.968,9999.000,9999.000,9999.000,9999.000,9999.000,9999.000,9999.000
202603301324,   3.058,   2.899,9999.000,9999.000,9999.000,9999.000,9999.000,9999.000,9999.000
202603301330,   2.993,   2.840,9999.000,9999.000,9999.000,9999.000,9999.000,9999.000,9999.000
202603301336,   2.927,   2.778,9999.000,9999.000,9999.000,9999.000,9999.000,9999.000,9999.000
202603301342,   2.860,   2.709,9999.000,9999.000,9999.000,9999.000,9999.000,9999.000,9999.000
202603301348,   2.791,   2.640,9999.000,9999.000,9999.000,9999.000,9999.000,9999.000,9999.000
202603301354,   2.721,   2.568,9999.000,9999.000,9999.000,9999.000,9999.000,9999.000,9999.000
202603301400,   2.649,   2.499,  -0.200,   0.050,   2.499,  -0.300,   2.399,  -0.100,   2.599
202603301406,   2.577,   2.410,9999.000,9999.000,9999.000,9999.000,9999.000,9999.000,9999.000
202603301412,   2.503,   2.348,9999.000,9999.000,9999.000,9999.000,9999.000,9999.000,9999.000
202603301418,   2.428,   2.289,9999.000,9999.000,9999.000,9999.000,9999.000,9999.000,9999.000
202603301424,   2.351,   2.230,9999.000,9999.000,9999.000,9999.000,9999.000,9999.000,9999.000
202603301430,   2.273,   2.148,9999.000,9999.000,9999.000,9999.000,9999.000,9999.000,9999.000
202603301436,   2.194,   2.079,9999.000,9999.000,9999.000,9999.000,9999.000,9999.000,9999.000
202603301442,   2.114,   2.030,9999.000,9999.000,9999.000,9999.000,9999.000,9999.000,9999.000
202603301448,   2.032,   1.948,9999.000,9999.000,9999.000,9999.000,9999.000,9999.000,9999.000
202603301454,   1.949,   1.879,9999.000,9999.000,9999.000,9999.000,9999.000,9999.000,9999.000
202603301500,   1.864,   1.800,  -0.200,   0.136,   1.800,  -0.400,   1.600,  -0.200,   1.800
202603301506,   1.779,   1.728,9999.000,9999.000,9999.000,9999.000,9999.000,9999.000,9999.000
202603301512,   1.692,   1.659,9999.000,9999.000,9999.000,9999.000,9999.000,9999.000,9999.000
202603301518,   1.603,   1.580,9999.000,9999.000,9999.000,9999.000,9999.000,9999.000,9999.000
202603301524,   1.514,   1.508,9999.000,9999.000,9999.000,9999.000,9999.000,9999.000,9999.000
202603301530,   1.425,   1.439,9999.000,9999.000,9999.000,9999.000,9999.000,9999.000,9999.000
202603301536,   1.334,   1.371,9999.000,9999.000,9999.000,9999.000,9999.000,9999.000,9999.000
202603301542,   1.244,   1.308,9999.000,9999.000,9999.000,9999.000,9999.000,9999.000,9999.000
202603301548,   1.153,   1.249,9999.000,9999.000,9999.000,9999.000,9999.000,9999.000,9999.000
202603301554,   1.063,   1.180,9999.000,9999.000,9999.000,9999.000,9999.000,9999.000,9999.000
202603301600,   0.974,   1.108,  -0.300,   0.434,   1.108,  -0.400,   1.008,  -0.200,   1.208
202603301606,   0.886,   1.049,9999.000,9999.000,9999.000,9999.000,9999.000,9999.000,9999.000
202603301612,   0.800,   0.980,9999.000,9999.000,9999.000,9999.000,9999.000,9999.000,9999.000
202603301618,   0.716,   0.908,9999.000,9999.000,9999.000,9999.000,9999.000,9999.000,9999.000
202603301624,   0.635,   0.839,9999.000,9999.000,9999.000,9999.000,9999.000,9999.000,9999.000
202603301630,   0.556,   0.760,9999.000,9999.000,9999.000,9999.000,9999.000,9999.000,9999.000
202603301636,   0.481,   0.688,9999.000,9999.000,9999.000,9999.000,9999.000,9999.000,9999.000
202603301642,   0.409,   0.619,9999.000,9999.000,9999.000,9999.000,9999.000,9999.000,9999.000
202603301648,   0.342,   0.580,9999.000,9999.000,9999.000,9999.000,9999.000,9999.000,9999.000
202603301654,   0.279,   0.508,9999.000,9999.000,9999.000,9999.000,9999.000,9999.000,9999.000
202603301700,   0.222,   0.449,  -0.300,   0.527,   0.449,  -0.400,   0.349,  -0.200,   0.549
202603301706,   0.169,   0.390,9999.000,9999.000,9999.000,9999.000,9999.000,9999.000,9999.000
202603301712,   0.122,   0.341,9999.000,9999.000,9999.000,9999.000,9999.000,9999.000,9999.000
202603301718,   0.080,   0.298,9999.000,9999.000,9999.000,9999.000,9999.000,9999.000,9999.000
202603301724,   0.044,   0.239,9999.000,9999.000,9999.000,9999.000,9999.000,9999.000,9999.000
202603301730,   0.014,   0.180,9999.000,9999.000,9999.000,9999.000,9999.000,9999.000,9999.000
202603301736,  -0.009,   0.141,9999.000,9999.000,9999.000,9999.000,9999.000,9999.000,9999.000
202603301742,  -0.027,   0.111,9999.000,9999.000,9999.000,9999.000,9999.000,9999.000,9999.000
202603301748,  -0.039,   0.059,9999.000,9999.000,9999.000,9999.000,9999.000,9999.000,9999.000
202603301754,  -0.046,   0.029,9999.000,9999.000,9999.000,9999.000,9999.000,9999.000,9999.000
202603301800,  -0.047,   0.029,  -0.200,   0.276,   0.029,  -0.400,  -0.171,  -0.100,   0.129
202603301806,  -0.042,   0.000,9999.000,9999.000,9999.000,9999.000,9999.000,9999.000,9999.000
202603301812,  -0.032,  -0.029,9999.000,9999.000,9999.000,9999.000,9999.000,9999.000,9999.000
202603301818,  -0.017,  -0.049,9999.000,9999.000,9999.000,9999.000,9999.000,9999.000,9999.000
202603301824,   0.002,  -0.059,9999.000,9999.000,9999.000,9999.000,9999.000,9999.000,9999.000
202603301830,   0.026,  -0.078,9999.000,9999.000,9999.000,9999.000,9999.000,9999.000,9999.000
202603301836,   0.055,  -0.078,9999.000,9999.000,9999.000,9999.000,9999.000,9999.000,9999.000
202603301842,   0.087,  -0.049,9999.000,9999.000,9999.000,9999.000,9999.000,9999.000,9999.000
202603301848,   0.124,  -0.029,9999.000,9999.000,9999.000,9999.000,9999.000,9999.000,9999.000
